-1.05031e-22 7.88179e-16 3.96417e-15 1.33799e-14 3.82571e-14 1.00104e-13 2.47871e-13 5.90571e-13 1.36616e-12 3.08426e-12 6.81661e-12 1.47771e-11 3.1459e-11 6.58261e-11 1.35455e-10 2.74229e-10 5.46376e-10 1.07161e-09 2.06936e-09 3.93525e-09 7.37075e-09 1.35994e-08 2.47203e-08 4.42763e-08 7.81494e-08 1.35946e-07 2.331e-07 3.94003e-07 6.56574e-07 1.07879e-06 1.74782e-06 2.79259e-06 4.4005e-06 6.83939e-06 1.04855e-05 1.58578e-05 2.36599e-05 3.48278e-05 5.05834e-05 7.24908e-05 0.000102511 0.000143052 0.000197002 0.00026774 0.00035912 0.000475399 0.000621129 0.000800974 0.00101947 0.00128072 0.00158805 0.00194358 0.00234789 0.00279953 0.0032948 0.00382744 0.00438858 0.00496679 0.00554835 0.00611772 0.00665816 0.00715252 0.00758412 0.00793771 0.00820029 0.00836198 0.00841657 0.00836194 0.00820022 0.00793757 0.00758389 0.00715213 0.0066575 0.00611664 0.0055466 0.00496399 0.00438418 0.0038206 0.00328432 0.00278368 0.00232423 0.00190876 0.00153746 0.00120823 0.000916957 0.000657921 0.000424127 0.000207659 0 0 0 0 0 0 0 0 0 0 0 0 0 0 
-7.8818e-16 -7.7511e-22 5.69462e-15 2.45038e-14 7.62881e-14 2.076e-13 5.24647e-13 1.2642e-12 2.94326e-12 6.66912e-12 1.47697e-11 3.20522e-11 6.82695e-11 1.42868e-10 2.93965e-10 5.95007e-10 1.18515e-09 2.32368e-09 4.48567e-09 8.52726e-09 1.59661e-08 2.94482e-08 5.35121e-08 9.58152e-08 1.69068e-07 2.94023e-07 5.04017e-07 8.51724e-07 1.41902e-06 2.33106e-06 3.77604e-06 6.03221e-06 9.50411e-06 1.47698e-05 2.26414e-05 3.42394e-05 5.10825e-05 7.5192e-05 0.000109206 0.000156504 0.000221324 0.000308868 0.000425381 0.000578176 0.000775589 0.00102684 0.0013418 0.00173058 0.00220302 0.00276807 0.00343294 0.00420233 0.0050775 0.00605542 0.00712809 0.00828202 0.009498 0.0107513 0.0120121 0.0132468 0.014419 0.0154914 0.0164278 0.017195 0.0177648 0.0181156 0.0182341 0.0181156 0.0177646 0.0171947 0.0164273 0.0154905 0.0144175 0.0132445 0.0120083 0.0107452 0.00948849 0.00826725 0.00710545 0.00602118 0.00502641 0.00412714 0.00332373 0.00261156 0.0019817 0.00142171 0.000916421 0.000448668 0 0 0 0 0 0 0 0 0 0 0 0 0 0 
-3.96417e-15 -5.69463e-15 -3.45278e-21 2.65737e-14 1.07297e-13 3.20949e-13 8.4815e-13 2.0925e-12 4.93615e-12 1.12688e-11 2.50623e-11 5.4515e-11 1.1625e-10 2.43394e-10 5.00831e-10 1.01351e-09 2.01802e-09 3.9549e-09 7.63087e-09 1.4499e-08 2.71336e-08 5.0021e-08 9.08527e-08 1.62601e-07 2.86787e-07 4.98544e-07 8.54283e-07 1.44312e-06 2.40354e-06 3.9472e-06 6.39232e-06 1.02094e-05 1.60822e-05 2.49883e-05 3.83006e-05 5.79139e-05 8.6397e-05 0.000127169 0.000184695 0.000264694 0.000374344 0.000522461 0.000719633 0.000978267 0.00131252 0.00173807 0.0022717 0.00293064 0.00373171 0.00469019 0.0058185 0.00712476 0.00861127 0.0102731 0.0120967 0.0140594 0.0161284 0.0182618 0.0204089 0.0225121 0.0245094 0.0263372 0.0279336 0.0292417 0.0302135 0.0308119 0.0310139 0.0308118 0.0302132 0.0292413 0.0279327 0.0263358 0.024507 0.0225081 0.0204025 0.0182516 0.0161123 0.0140344 0.0120584 0.0102152 0.00852487 0.00699759 0.0056338 0.00442549 0.00335737 0.00240818 0.00155206 0.000759803 0 0 0 0 0 0 0 0 0 0 0 0 0 0 
-1.33799e-14 -2.45038e-14 -2.65737e-14 -1.12387e-20 1.05713e-13 4.12386e-13 1.20188e-12 3.10687e-12 7.51305e-12 1.73911e-11 3.89852e-11 8.51788e-11 1.82081e-10 3.8168e-10 7.85738e-10 1.59006e-09 3.16515e-09 6.20035e-09 1.19572e-08 2.27064e-08 4.24684e-08 7.82456e-08 1.42037e-07 2.54068e-07 4.47883e-07 7.78212e-07 1.33291e-06 2.25071e-06 3.74717e-06 6.15165e-06 9.95928e-06 1.5902e-05 2.50438e-05 3.89053e-05 5.96228e-05 9.01451e-05 0.000134471 0.000197924 0.000287461 0.000411995 0.00058272 0.000813395 0.00112056 0.00152361 0.0020447 0.0027084 0.00354105 0.00456975 0.00582101 0.00731897 0.00908339 0.0111273 0.0134547 0.0160581 0.0189168 0.0219952 0.0252424 0.0285923 0.0319654 0.0352711 0.0384117 0.0412868 0.0437986 0.0458574 0.047387 0.0483291 0.0486472 0.0483289 0.0473866 0.0458566 0.0437973 0.0412845 0.038408 0.035265 0.0319554 0.0285764 0.0252173 0.0219563 0.0188572 0.015968 0.0133202 0.0109294 0.00879593 0.00690698 0.00523829 0.00375636 0.00242049 0.00118479 0 0 0 0 0 0 0 0 0 0 0 0 0 0 
-3.82571e-14 -7.62881e-14 -1.07297e-13 -1.05713e-13 -2.43431e-20 3.88404e-13 1.47941e-12 4.2233e-12 1.07098e-11 2.54272e-11 5.78153e-11 1.27349e-10 2.73478e-10 5.74706e-10 1.18457e-09 2.3983e-09 4.77401e-09 9.34944e-09 1.80222e-08 3.42054e-08 6.39386e-08 1.17734e-07 2.13594e-07 3.81849e-07 6.72776e-07 1.16837e-06 2.00022e-06 3.37603e-06 5.61844e-06 9.22036e-06 1.49227e-05 2.38205e-05 3.75059e-05 5.82543e-05 8.92629e-05 0.000134946 0.000201292 0.000296276 0.000430325 0.000616809 0.000872529 0.00121816 0.00167856 0.00228294 0.00306471 0.00406097 0.00531156 0.00685756 0.00873929 0.0109936 0.0136508 0.0167313 0.0202416 0.0241712 0.0284894 0.0331429 0.038055 0.0431259 0.0482351 0.0532451 0.0580073 0.0623689 0.0661807 0.069306 0.0716285 0.0730592 0.0735423 0.0730589 0.0716279 0.0693049 0.0661787 0.0623655 0.0580017 0.0532359 0.0482202 0.0431021 0.0380175 0.0330846 0.0284002 0.0240363 0.0200403 0.016435 0.0132205 0.0103768 0.00786676 0.00563941 0.003633 0.00177803 0 0 0 0 0 0 0 0 0 0 0 0 0 0 
-1.00104e-13 -2.076e-13 -3.20949e-13 -4.12386e-13 -3.88404e-13 -1.12206e-19 1.35564e-12 5.0625e-12 1.41865e-11 3.53364e-11 8.24342e-11 1.84216e-10 3.98883e-10 8.42196e-10 1.74042e-09 3.52827e-09 7.02701e-09 1.37624e-08 2.65223e-08 5.0318e-08 9.40101e-08 1.73013e-07 3.13707e-07 5.60516e-07 9.87046e-07 1.71329e-06 2.93172e-06 4.94612e-06 8.22817e-06 1.34985e-05 2.18399e-05 3.48533e-05 5.48656e-05 8.52036e-05 0.000130542 0.000197339 0.000294356 0.000433271 0.000629359 0.000902224 0.00127652 0.00178261 0.00245708 0.00334292 0.00448943 0.00595142 0.0077879 0.0100599 0.0128274 0.0161457 0.0200604 0.0246027 0.0297834 0.0355883 0.0419728 0.0488591 0.0561342 0.0636506 0.0712294 0.0786662 0.0857394 0.092221 0.0978882 0.102536 0.105992 0.10812 0.108839 0.10812 0.105991 0.102535 0.0978853 0.0922161 0.0857312 0.0786527 0.0712075 0.0636157 0.0560793 0.0487739 0.0418422 0.0353909 0.0294891 0.0241694 0.0194311 0.0152435 0.0115509 0.00827729 0.00533083 0.0026085 0 0 0 0 0 0 0 0 0 0 0 0 0 0 
-2.47871e-13 -5.24647e-13 -8.4815e-13 -1.20188e-12 -1.47941e-12 -1.35564e-12 -5.07741e-19 4.54347e-12 1.6664e-11 4.58851e-11 1.12335e-10 2.5762e-10 5.66034e-10 1.20522e-09 2.50266e-09 5.0872e-09 1.01459e-08 1.98827e-08 3.83216e-08 7.26908e-08 1.35763e-07 2.49744e-07 4.52618e-07 8.08316e-07 1.42272e-06 2.46836e-06 4.22191e-06 7.11993e-06 1.18401e-05 1.94177e-05 3.14083e-05 5.01114e-05 7.88706e-05 0.000122466 0.000187619 0.000283613 0.000423056 0.00062276 0.000904732 0.00129724 0.00183587 0.0025645 0.00353607 0.00481291 0.00646657 0.00857684 0.0112298 0.0145147 0.0185197 0.0233263 0.0290026 0.0355955 0.043123 0.0515662 0.0608622 0.0708991 0.0815132 0.0924896 0.103567 0.114445 0.124799 0.134293 0.142599 0.149414 0.154481 0.157604 0.158658 0.157603 0.15448 0.149411 0.142594 0.134286 0.124788 0.114426 0.103535 0.0924395 0.0814343 0.0707766 0.0606746 0.0512826 0.0426999 0.0349727 0.0280978 0.0220291 0.0166839 0.0119502 0.00769373 0.00376394 0 0 0 0 0 0 0 0 0 0 0 0 0 0 
-5.90571e-13 -1.2642e-12 -2.0925e-12 -3.10687e-12 -4.2233e-12 -5.0625e-12 -4.54347e-12 -1.7901e-18 1.46871e-11 5.29496e-11 1.43344e-10 3.45069e-10 7.78211e-10 1.68166e-09 3.52203e-09 7.19481e-09 1.43895e-08 2.82407e-08 5.44682e-08 1.03339e-07 1.92986e-07 3.54914e-07 6.42986e-07 1.14782e-06 2.01942e-06 3.50216e-06 5.98778e-06 1.00943e-05 1.67808e-05 2.75125e-05 4.44911e-05 7.09711e-05 0.000111686 0.000173404 0.000265646 0.000401569 0.000599052 0.00088195 0.00128152 0.00183794 0.00260188 0.00363587 0.00501546 0.0068298 0.00918141 0.0121849 0.0159642 0.0206483 0.0263653 0.033234 0.0413546 0.0507977 0.0615924 0.0737148 0.0870778 0.101523 0.116816 0.132649 0.148643 0.164365 0.179341 0.193083 0.205112 0.214988 0.222333 0.226861 0.22839 0.22686 0.222331 0.214984 0.205106 0.193073 0.179324 0.164337 0.148598 0.132578 0.116704 0.101349 0.0868122 0.0733133 0.0609934 0.0499158 0.0400731 0.031396 0.0237634 0.0170125 0.0109487 0.00535508 0 0 0 0 0 0 0 0 0 0 0 0 0 0 
-1.36616e-12 -2.94326e-12 -4.93615e-12 -7.51305e-12 -1.07098e-11 -1.41865e-11 -1.6664e-11 -1.46871e-11 -6.46524e-18 4.58857e-11 1.62685e-10 4.33165e-10 1.02566e-09 2.27537e-09 4.83721e-09 9.96777e-09 2.00368e-08 3.94385e-08 7.61864e-08 1.44657e-07 2.70223e-07 4.96952e-07 9.00142e-07 1.60642e-06 2.82533e-06 4.89812e-06 8.3717e-06 1.41087e-05 2.34478e-05 3.84339e-05 6.21398e-05 9.9109e-05 0.00015595 0.000242117 0.000370912 0.000560732 0.000836588 0.00123188 0.00179042 0.00256859 0.00363754 0.00508529 0.0070183 0.00956248 0.0128629 0.0170823 0.022397 0.0289915 0.0370495 0.0467427 0.0582176 0.0715789 0.0868735 0.104073 0.123059 0.14361 0.165396 0.187979 0.210819 0.233295 0.254725 0.274405 0.291645 0.305805 0.316342 0.322839 0.325034 0.322838 0.316339 0.3058 0.291636 0.274391 0.254702 0.233256 0.210757 0.18788 0.16524 0.143368 0.122688 0.103512 0.0860369 0.070347 0.0564271 0.0441741 0.0334119 0.0239062 0.0153787 0.0075198 0 0 0 0 0 0 0 0 0 0 0 0 0 0 
-3.08426e-12 -6.66912e-12 -1.12688e-11 -1.73911e-11 -2.54272e-11 -3.53364e-11 -4.58851e-11 -5.29496e-11 -4.58857e-11 -1.65351e-17 1.38703e-10 4.83785e-10 1.26729e-09 2.95237e-09 6.44464e-09 1.34821e-08 2.73417e-08 5.4097e-08 1.04819e-07 1.99358e-07 3.72733e-07 6.85726e-07 1.24216e-06 2.21657e-06 3.89766e-06 6.75547e-06 1.15432e-05 1.94486e-05 3.23152e-05 5.29582e-05 8.56094e-05 0.000136526 0.000214814 0.000333504 0.000510937 0.0007725 0.00115273 0.00169779 0.0024683 0.00354237 0.00501871 0.00701962 0.00969335 0.0132155 0.0177892 0.0236425 0.0310238 0.0401938 0.0514135 0.064929 0.0809518 0.0996369 0.121058 0.145186 0.17186 0.200779 0.231482 0.263354 0.295633 0.327436 0.357793 0.385698 0.410161 0.430267 0.445236 0.454468 0.457588 0.454467 0.445232 0.430261 0.410149 0.385678 0.35776 0.327383 0.295548 0.263218 0.231268 0.200446 0.17135 0.144413 0.119906 0.0979391 0.0784835 0.0613866 0.0463948 0.0331741 0.0213304 0.0104269 0 0 0 0 0 0 0 0 0 0 0 0 0 0 
-6.81662e-12 -1.47697e-11 -2.50623e-11 -3.89852e-11 -5.78153e-11 -8.24342e-11 -1.12335e-10 -1.43344e-10 -1.62685e-10 -1.38703e-10 -4.08467e-17 4.05954e-10 1.39336e-09 3.59191e-09 8.23528e-09 1.76928e-08 3.64322e-08 7.27322e-08 1.41678e-07 2.70304e-07 5.0628e-07 9.32317e-07 1.68963e-06 3.01553e-06 5.30245e-06 9.18918e-06 1.56991e-05 2.64461e-05 4.39344e-05 7.19896e-05 0.000116362 0.000185557 0.000291956 0.000453284 0.000694508 0.00105021 0.00156746 0.00230927 0.00335845 0.00482184 0.00683474 0.009565 0.0132165 0.0180316 0.0242908 0.0323106 0.042437 0.0550345 0.0704704 0.0890936 0.111207 0.137039 0.166706 0.200178 0.237251 0.277514 0.320335 0.364859 0.410022 0.454582 0.497171 0.536362 0.57075 0.599035 0.620104 0.633102 0.637496 0.6331 0.620099 0.599026 0.570735 0.536335 0.497127 0.45451 0.409906 0.364673 0.320043 0.27706 0.236557 0.199128 0.165138 0.13473 0.107849 0.0842718 0.0636357 0.0454695 0.0292204 0.014279 0 0 0 0 0 0 0 0 0 0 0 0 0 0 
-1.47771e-11 -3.20522e-11 -5.4515e-11 -8.51788e-11 -1.27349e-10 -1.84216e-10 -2.5762e-10 -3.45069e-10 -4.33165e-10 -4.83785e-10 -4.05954e-10 -1.07471e-16 1.15106e-09 3.88883e-09 9.86796e-09 2.22715e-08 4.71049e-08 9.54973e-08 1.87722e-07 3.601e-07 6.76651e-07 1.2484e-06 2.26487e-06 4.04438e-06 7.11328e-06 1.23281e-05 2.10611e-05 3.54756e-05 5.89295e-05 9.65521e-05 0.000156055 0.00024885 0.000391551 0.000607962 0.000931626 0.00140904 0.00210358 0.00310012 0.00451039 0.00647876 0.00918832 0.0128667 0.0177911 0.0242915 0.0327516 0.0436054 0.0573295 0.0744284 0.095414 0.120776 0.150946 0.186256 0.226886 0.27282 0.323798 0.379273 0.43839 0.499975 0.562555 0.624401 0.683597 0.738139 0.786047 0.825483 0.854876 0.873017 0.879149 0.873014 0.854869 0.825471 0.786026 0.738104 0.683538 0.624304 0.562399 0.499726 0.437998 0.378665 0.322866 0.271411 0.224782 0.183156 0.146436 0.114297 0.0862256 0.0615617 0.0395384 0.0193139 0 0 0 0 0 0 0 0 0 0 0 0 0 0 
-3.1459e-11 -6.82695e-11 -1.1625e-10 -1.82081e-10 -2.73478e-10 -3.98883e-10 -5.66034e-10 -7.78211e-10 -1.02566e-09 -1.26729e-09 -1.39336e-09 -1.15107e-09 -3.14787e-16 3.16353e-09 1.05227e-08 2.62899e-08 5.8423e-08 1.21676e-07 2.42925e-07 4.70309e-07 8.8865e-07 1.64501e-06 2.9903e-06 5.3459e-06 9.40837e-06 1.63111e-05 2.78695e-05 4.69459e-05 7.79832e-05 0.000127769 0.000206512 0.00032932 0.000518204 0.000804713 0.00123334 0.00186582 0.00278635 0.00410787 0.00597923 0.00859307 0.0121942 0.0170875 0.0236452 0.032312 0.0436059 0.058116 0.0764913 0.0994232 0.127618 0.161757 0.202449 0.250173 0.305209 0.367569 0.436934 0.512591 0.593397 0.67776 0.763663 0.848718 0.930266 1.00551 1.07168 1.1262 1.16686 1.19196 1.20045 1.19196 1.16685 1.12618 1.07165 1.00546 0.930188 0.84859 0.763456 0.67743 0.592878 0.511786 0.4357 0.365703 0.302422 0.246065 0.19647 0.153164 0.115424 0.0823357 0.052846 0.025804 0 0 0 0 0 0 0 0 0 0 0 0 0 0 
-6.58261e-11 -1.42868e-10 -2.43394e-10 -3.8168e-10 -5.74706e-10 -8.42196e-10 -1.20522e-09 -1.68166e-09 -2.27537e-09 -2.95237e-09 -3.59191e-09 -3.88883e-09 -3.16353e-09 -6.42752e-16 8.43133e-09 2.76179e-08 6.79521e-08 1.48722e-07 3.05072e-07 5.99948e-07 1.14424e-06 2.13013e-06 3.88545e-06 6.9606e-06 1.22652e-05 2.12792e-05 3.6373e-05 6.12839e-05 0.000101813 0.000166827 0.00026966 0.000430061 0.000676808 0.00105118 0.00161145 0.00243851 0.00364284 0.00537281 0.00782423 0.011251 0.0159764 0.0224039 0.0310275 0.0424389 0.0573304 0.0764916 0.100798 0.131186 0.16862 0.214042 0.268303 0.332087 0.405823 0.489584 0.582993 0.68514 0.794519 0.909 1.02585 1.1418 1.25318 1.35612 1.44677 1.52153 1.57732 1.61179 1.62345 1.61179 1.57731 1.52151 1.44673 1.35606 1.25308 1.14163 1.02558 0.90857 0.793842 0.684088 0.581381 0.487145 0.402181 0.326715 0.260478 0.202791 0.152644 0.108782 0.06977 0.0340527 0 0 0 0 0 0 0 0 0 0 0 0 0 0 
-1.35455e-10 -2.93965e-10 -5.00831e-10 -7.85738e-10 -1.18457e-09 -1.74042e-09 -2.50266e-09 -3.52203e-09 -4.83721e-09 -6.44464e-09 -8.23529e-09 -9.86797e-09 -1.05227e-08 -8.43133e-09 -7.60766e-16 2.18003e-08 7.03383e-08 1.70473e-07 3.67538e-07 7.42739e-07 1.43911e-06 2.70451e-06 4.96159e-06 8.91983e-06 1.57515e-05 2.73638e-05 4.68109e-05 7.8909e-05 0.000131135 0.000214917 0.000347451 0.000554212 0.000872348 0.00135518 0.00207801 0.00314553 0.00470085 0.00693643 0.0101067 0.014542 0.020664 0.0290003 0.0401986 0.0550371 0.0744297 0.0994238 0.131186 0.170974 0.220092 0.279825 0.351356 0.435658 0.533377 0.644693 0.769193 0.90574 1.05239 1.20632 1.36386 1.52059 1.67148 1.81121 1.93442 2.03616 2.11214 2.1591 2.17498 2.15909 2.11213 2.03613 1.93438 1.81113 1.67135 1.52037 1.36351 1.20576 1.05151 0.904385 0.767114 0.641548 0.528676 0.428722 0.341249 0.265282 0.199427 0.141973 0.0909872 0.0443867 0 0 0 0 0 0 0 0 0 0 0 0 0 0 
-2.74229e-10 -5.95007e-10 -1.01351e-09 -1.59006e-09 -2.3983e-09 -3.52827e-09 -5.0872e-09 -7.19481e-09 -9.96778e-09 -1.34821e-08 -1.76928e-08 -2.22715e-08 -2.62899e-08 -2.76179e-08 -2.18003e-08 3.65556e-16 5.47089e-08 1.73906e-07 4.15266e-07 8.82154e-07 1.75664e-06 3.35417e-06 6.21255e-06 1.12343e-05 1.99105e-05 3.46666e-05 5.93868e-05 0.000100196 0.000166606 0.000273156 0.000441733 0.000704776 0.00110961 0.00172423 0.00264472 0.00400482 0.00598755 0.00883941 0.0128867 0.0185543 0.0263851 0.0370606 0.0514196 0.0704737 0.0954156 0.127618 0.168621 0.220092 0.283778 0.361419 0.454643 0.564823 0.69292 0.839301 1.00355 1.1843 1.37907 1.58419 1.7948 2.00493 2.20778 2.39602 2.5623 2.69975 2.80248 2.86599 2.88748 2.86598 2.80246 2.69972 2.56224 2.39592 2.20762 2.00466 1.79435 1.58348 1.37796 1.18257 1.00091 0.835296 0.686932 0.555983 0.441756 0.342865 0.257392 0.183031 0.117201 0.0571447 0 0 0 0 0 0 0 0 0 0 0 0 0 0 
-5.46376e-10 -1.18515e-09 -2.01802e-09 -3.16515e-09 -4.77401e-09 -7.02701e-09 -1.01459e-08 -1.43895e-08 -2.00368e-08 -2.73417e-08 -3.64322e-08 -4.71049e-08 -5.8423e-08 -6.79521e-08 -7.03383e-08 -5.47089e-08 1.12372e-15 1.33309e-07 4.17578e-07 9.82627e-07 2.05718e-06 4.03748e-06 7.59896e-06 1.38748e-05 2.47369e-05 4.32297e-05 7.42288e-05 0.000125423 0.000208753 0.000342479 0.000554098 0.000884379 0.00139285 0.00216507 0.0033221 0.00503257 0.00752761 0.0111189 0.0162198 0.0233694 0.0332585 0.0467564 0.0649364 0.0890975 0.120778 0.161758 0.214042 0.279825 0.361419 0.461161 0.581265 0.723656 0.889749 1.08021 1.29471 1.53164 1.78793 2.05888 2.33812 2.6177 2.88842 3.14027 3.36316 3.54761 3.68556 3.77086 3.79972 3.77085 3.68553 3.54757 3.36308 3.14015 2.88821 2.61736 2.33756 2.05799 1.78653 1.52947 1.29138 1.07518 0.88222 0.712536 0.565044 0.43779 0.32816 0.233068 0.149105 0.07266 0 0 0 0 0 0 0 0 0 0 0 0 0 0 
-1.07161e-09 -2.32368e-09 -3.9549e-09 -6.20035e-09 -9.34944e-09 -1.37624e-08 -1.98827e-08 -2.82407e-08 -3.94385e-08 -5.4097e-08 -7.27322e-08 -9.54973e-08 -1.21676e-07 -1.48722e-07 -1.70473e-07 -1.73906e-07 -1.33309e-07 6.58763e-15 3.1553e-07 9.74155e-07 2.25948e-06 4.66285e-06 9.0216e-06 1.67403e-05 3.01385e-05 5.29883e-05 9.13303e-05 0.000154691 0.000257869 0.000423497 0.000685671 0.00109498 0.00172531 0.00268296 0.00411849 0.00624181 0.00934103 0.0138052 0.0201515 0.0290552 0.0413844 0.058234 0.0809605 0.111212 0.150948 0.20245 0.268303 0.351355 0.454643 0.581265 0.734215 0.91616 1.12916 1.37436 1.65162 1.95919 2.29335 2.6482 3.01549 3.38476 3.74363 4.07849 4.37543 4.62144 4.80547 4.91927 4.95776 4.91925 4.80545 4.62139 4.37534 4.07833 3.74337 3.38434 3.01481 2.6471 2.29163 1.9565 1.6475 1.36811 1.11982 0.902353 0.714062 0.552208 0.413257 0.29312 0.187342 0.091238 0 0 0 0 0 0 0 0 0 0 0 0 0 0 
-2.06936e-09 -4.48567e-09 -7.63087e-09 -1.19572e-08 -1.80222e-08 -2.65223e-08 -3.83216e-08 -5.44682e-08 -7.61864e-08 -1.04819e-07 -1.41678e-07 -1.87722e-07 -2.42925e-07 -3.05072e-07 -3.67538e-07 -4.15266e-07 -4.17578e-07 -3.1553e-07 3.39743e-14 7.25719e-07 2.20878e-06 5.0507e-06 1.02764e-05 1.96047e-05 3.58732e-05 6.36955e-05 0.000110459 0.000187817 0.000313867 0.000516305 0.000836865 0.00133749 0.00210873 0.00328096 0.00503896 0.00764072 0.0114408 0.0169186 0.0247126 0.0356586 0.0508329 0.0715979 0.0996465 0.137044 0.186257 0.250174 0.332087 0.435658 0.564822 0.723655 0.916159 1.14599 1.41613 1.72841 2.08314 2.47854 2.91026 3.37106 3.85047 4.33484 4.80767 5.25041 5.64391 5.97017 6.21415 6.36489 6.41585 6.36488 6.21412 5.9701 5.64379 5.25022 4.80735 4.33432 3.84963 3.36971 2.90815 2.47525 2.0781 1.72077 1.40468 1.12907 0.891443 0.687994 0.513987 0.364058 0.232439 0.113129 0 0 0 0 0 0 0 0 0 0 0 0 0 0 
-3.93525e-09 -8.52726e-09 -1.4499e-08 -2.27064e-08 -3.42054e-08 -5.0318e-08 -7.26909e-08 -1.03339e-07 -1.44657e-07 -1.99358e-07 -2.70304e-07 -3.601e-07 -4.70309e-07 -5.99948e-07 -7.42739e-07 -8.82154e-07 -9.82627e-07 -9.74155e-07 -7.25719e-07 1.04013e-13 1.62258e-06 4.86933e-06 1.09793e-05 2.20294e-05 4.14473e-05 7.48044e-05 0.000131021 0.000224164 0.000376089 0.000620245 0.00100705 0.00161139 0.00254279 0.00395906 0.00608411 0.00923088 0.01383 0.0204648 0.0299134 0.0431966 0.0616327 0.0868944 0.121068 0.166709 0.226886 0.305208 0.405822 0.533375 0.692919 0.889747 1.12916 1.41613 1.75486 2.14827 2.59741 3.1007 3.65336 4.24672 4.86777 5.499 6.1186 6.70134 7.22052 7.65103 7.97245 8.17059 8.23748 8.17057 7.97241 7.65096 7.22038 6.70111 6.11822 5.49837 4.86675 4.2451 3.65081 3.09674 2.59132 2.13904 1.74102 1.39565 1.09924 0.846545 0.631282 0.446478 0.284751 0.138497 0 0 0 0 0 0 0 0 0 0 0 0 0 0 
-7.37075e-09 -1.59661e-08 -2.71336e-08 -4.24684e-08 -6.39386e-08 -9.40101e-08 -1.35763e-07 -1.92986e-07 -2.70223e-07 -3.72733e-07 -5.0628e-07 -6.76651e-07 -8.8865e-07 -1.14424e-06 -1.43911e-06 -1.75664e-06 -2.05718e-06 -2.25948e-06 -2.20878e-06 -1.62258e-06 1.95325e-13 3.52785e-06 1.04408e-05 2.32183e-05 4.59495e-05 8.52785e-05 0.000151839 0.0002624 0.000443012 0.000733554 0.00119416 0.00191418 0.00302437 0.0047133 0.00724877 0.0110055 0.0164996 0.0244319 0.0357381 0.0516493 0.0737586 0.104094 0.145194 0.20018 0.272818 0.367566 0.48958 0.64469 0.839298 1.08021 1.37436 1.72841 2.14827 2.6384 3.20102 3.83526 4.53614 5.29371 6.09223 6.90976 7.71791 8.48244 9.16549 9.73109 10.1515 10.4094 10.4963 10.4094 10.1515 9.731 9.16533 8.48216 7.71745 6.90901 6.09102 5.29178 4.5331 3.83053 3.19376 2.62738 2.13176 1.70397 1.33861 1.02855 0.765531 0.54059 0.344382 0.167384 0 0 0 0 0 0 0 0 0 0 0 0 0 0 
-1.35994e-08 -2.94482e-08 -5.0021e-08 -7.82456e-08 -1.17734e-07 -1.73013e-07 -2.49744e-07 -3.54914e-07 -4.96952e-07 -6.85726e-07 -9.32317e-07 -1.2484e-06 -1.64501e-06 -2.13013e-06 -2.70451e-06 -3.35417e-06 -4.03748e-06 -4.66285e-06 -5.0507e-06 -4.86933e-06 -3.52785e-06 5.36846e-13 7.46161e-06 2.17821e-05 4.77822e-05 9.32879e-05 0.000170819 0.000300111 0.000511825 0.000852893 0.00139411 0.00224072 0.00354681 0.00553477 0.00852073 0.0129475 0.0194259 0.0287863 0.04214 0.0609516 0.0871216 0.123076 0.171864 0.237247 0.323791 0.436926 0.582985 0.769185 1.00354 1.2947 1.65162 2.08314 2.5974 3.20102 3.89811 4.6891 5.56945 6.52827 7.54713 8.59933 9.64919 10.6509 11.5494 12.2898 12.8345 13.1656 13.2765 13.1656 12.8345 12.2897 11.5492 10.6506 9.64865 8.59846 7.54571 6.526 5.56588 4.68354 3.88956 3.18805 2.57795 2.05433 1.60946 1.23373 0.916408 0.646098 0.411113 0.199674 0 0 0 0 0 0 0 0 0 0 0 0 0 0 
-2.47203e-08 -5.35121e-08 -9.08527e-08 -1.42037e-07 -2.13594e-07 -3.13707e-07 -4.52618e-07 -6.42986e-07 -9.00142e-07 -1.24216e-06 -1.68963e-06 -2.26487e-06 -2.9903e-06 -3.88545e-06 -4.96159e-06 -6.21255e-06 -7.59896e-06 -9.0216e-06 -1.02764e-05 -1.09793e-05 -1.04408e-05 -7.46161e-06 1.57311e-12 1.53575e-05 4.42291e-05 9.5725e-05 0.000184406 0.000333215 0.000577779 0.000972636 0.00160007 0.00258242 0.00409894 0.00640851 0.00987943 0.0150281 0.0225681 0.0334703 0.049037 0.0709878 0.10156 0.143618 0.200772 0.277499 0.379256 0.512574 0.685124 0.905726 1.18429 1.53163 1.95918 2.47853 3.1007 3.83526 4.6891 5.66498 6.75975 7.96233 9.25186 10.5968 11.9549 13.2694 14.4583 15.4237 16.1189 16.5345 16.6725 16.5344 16.1188 15.4236 14.458 13.269 11.9543 10.5958 9.25022 7.9597 6.7556 5.65852 4.67917 3.82018 3.07809 2.44502 1.91011 1.46061 1.0827 0.762089 0.484338 0.235068 0 0 0 0 0 0 0 0 0 0 0 0 0 0 
-4.42763e-08 -9.58152e-08 -1.62601e-07 -2.54068e-07 -3.81849e-07 -5.60516e-07 -8.08316e-07 -1.14782e-06 -1.60642e-06 -2.21657e-06 -3.01553e-06 -4.04438e-06 -5.3459e-06 -6.9606e-06 -8.91983e-06 -1.12343e-05 -1.38748e-05 -1.67403e-05 -1.96047e-05 -2.20294e-05 -2.32183e-05 -2.17821e-05 -1.53575e-05 4.01348e-12 3.07694e-05 8.74378e-05 0.000186744 0.000355033 0.000633197 0.00108381 0.00180129 0.00292603 0.00466387 0.00731221 0.0112946 0.0172054 0.0258668 0.0383997 0.0563094 0.0815882 0.116834 0.165383 0.231454 0.320301 0.438355 0.593364 0.79449 1.05236 1.37904 1.78791 2.29334 2.91025 3.65336 4.53614 5.56945 6.75975 8.10686 9.60104 11.2194 12.9243 14.6687 16.3973 18.011 19.2564 20.1174 20.6204 20.7858 20.6203 20.1173 19.2563 18.0108 16.3969 14.668 12.9231 11.2175 9.59802 8.1021 6.75235 5.55806 4.51885 3.62741 2.87178 2.23696 1.70626 1.26216 0.886942 0.563011 0.273051 0 0 0 0 0 0 0 0 0 0 0 0 0 0 
-7.81494e-08 -1.69068e-07 -2.86787e-07 -4.47883e-07 -6.72776e-07 -9.87046e-07 -1.42272e-06 -2.01942e-06 -2.82533e-06 -3.89766e-06 -5.30244e-06 -7.11328e-06 -9.40837e-06 -1.22652e-05 -1.57515e-05 -1.99105e-05 -2.47369e-05 -3.01385e-05 -3.58732e-05 -4.14473e-05 -4.59495e-05 -4.77822e-05 -4.42291e-05 -3.07693e-05 8.67921e-12 6.00287e-05 0.000168347 0.000354861 0.000665936 0.00117248 0.00198146 0.00325195 0.00521723 0.00821454 0.0127245 0.0194223 0.029243 0.0434627 0.0637987 0.092528 0.132626 0.187925 0.263288 0.36479 0.499909 0.6777 0.908948 1.20627 1.58415 2.05885 2.64817 3.37104 4.2467 5.2937 6.52826 7.96233 9.60104 11.4392 13.4547 15.5966 17.7992 20.0644 22.2755 23.8115 24.8168 25.394 25.5826 25.394 24.8167 23.8114 22.2753 20.0639 17.7984 15.5953 13.4525 11.4358 9.59566 7.95395 6.51538 5.27412 4.21732 3.32744 2.58426 1.96622 1.45144 1.01828 0.645617 0.312888 0 0 0 0 0 0 0 0 0 0 0 0 0 0 
-1.35946e-07 -2.94023e-07 -4.98544e-07 -7.78212e-07 -1.16837e-06 -1.71329e-06 -2.46836e-06 -3.50216e-06 -4.89812e-06 -6.75547e-06 -9.18918e-06 -1.23281e-05 -1.63111e-05 -2.12792e-05 -2.73638e-05 -3.46666e-05 -4.32297e-05 -5.29883e-05 -6.36954e-05 -7.48044e-05 -8.52785e-05 -9.32879e-05 -9.5725e-05 -8.74377e-05 -6.00287e-05 1.75871e-11 0.000114071 0.000315761 0.000657035 0.00121728 0.00211616 0.00353163 0.00572467 0.00907273 0.0141141 0.0216055 0.0325961 0.0485197 0.0713086 0.10353 0.148544 0.210693 0.295499 0.409892 0.562435 0.763556 1.02576 1.36378 1.79473 2.33806 3.01545 3.85043 4.86774 6.09221 7.54712 9.25185 11.2194 13.4547 15.9487 18.646 21.33 24.0803 26.2906 27.89 28.969 29.5924 29.7965 29.5924 28.9689 27.8898 26.2902 24.0798 21.3291 18.6445 15.9463 13.4509 11.2134 9.24251 7.53274 6.07035 4.8349 3.80169 2.94394 2.23436 1.64604 1.15298 0.730183 0.353627 0 0 0 0 0 0 0 0 0 0 0 0 0 0 
-2.331e-07 -5.04017e-07 -8.54283e-07 -1.33291e-06 -2.00022e-06 -2.93172e-06 -4.22191e-06 -5.98778e-06 -8.3717e-06 -1.15432e-05 -1.56991e-05 -2.10611e-05 -2.78695e-05 -3.6373e-05 -4.68109e-05 -5.93868e-05 -7.42288e-05 -9.13303e-05 -0.000110459 -0.000131021 -0.000151839 -0.000170819 -0.000184406 -0.000186744 -0.000168347 -0.000114071 3.12895e-11 0.000211197 0.000577131 0.00118564 0.00216899 0.00372374 0.00613813 0.0098291 0.0153915 0.0236625 0.0358033 0.0534033 0.0786068 0.114268 0.16413 0.233041 0.327185 0.454348 0.624189 0.848532 1.14164 1.52045 2.00482 2.61761 3.38469 4.33478 5.49895 6.90972 8.59931 10.5968 12.9243 15.5966 18.646 22.0933 25.0866 27.7072 29.8211 31.4142 32.5144 33.158 33.3696 33.1579 32.5143 31.414 29.8208 27.7066 25.0856 22.0916 18.6434 15.5924 12.9177 10.5865 8.58346 6.88562 5.46274 4.281 3.30574 2.50305 1.84045 1.28722 0.814325 0.394121 0 0 0 0 0 0 0 0 0 0 0 0 0 0 
-3.94003e-07 -8.51724e-07 -1.44312e-06 -2.25071e-06 -3.37603e-06 -4.94612e-06 -7.11993e-06 -1.00943e-05 -1.41087e-05 -1.94486e-05 -2.64461e-05 -3.54756e-05 -4.69459e-05 -6.12839e-05 -7.89089e-05 -0.000100196 -0.000125423 -0.000154691 -0.000187817 -0.000224164 -0.0002624 -0.000300111 -0.000333215 -0.000355033 -0.000354861 -0.000315761 -0.000211197 5.04746e-11 0.000381079 0.00102818 0.00208576 0.00376828 0.00639004 0.0104056 0.0164639 0.0254783 0.0387172 0.0579181 0.0854284 0.124376 0.178875 0.254258 0.357349 0.496764 0.683234 0.92995 1.25291 1.67125 2.20759 2.88826 3.74351 4.80757 6.11852 7.71785 9.64914 11.9549 14.6687 17.7992 21.33 25.0866 28.2043 30.7712 32.8336 34.4039 35.5016 36.1492 36.3631 36.1492 35.5015 34.4037 32.8333 30.7706 28.2032 25.0849 21.3272 17.7947 14.6615 11.9437 9.63191 7.69164 6.07911 4.74901 3.65751 2.76339 2.02831 1.41668 0.895348 0.433079 0 0 0 0 0 0 0 0 0 0 0 0 0 0 
-6.56574e-07 -1.41902e-06 -2.40354e-06 -3.74717e-06 -5.61843e-06 -8.22817e-06 -1.18401e-05 -1.67808e-05 -2.34478e-05 -3.23152e-05 -4.39344e-05 -5.89295e-05 -7.79832e-05 -0.000101813 -0.000131135 -0.000166606 -0.000208753 -0.000257869 -0.000313867 -0.000376089 -0.000443012 -0.000511825 -0.000577779 -0.000633197 -0.000665936 -0.000657035 -0.000577131 -0.000381079 7.38561e-11 0.000670295 0.00178586 0.00357786 0.00638475 0.0106958 0.0172094 0.026909 0.0411612 0.0618395 0.091478 0.133458 0.192232 0.273586 0.384936 0.535674 0.73753 1.00498 1.35567 1.81083 2.39571 3.14001 4.07828 5.25025 6.70121 8.48234 10.6509 13.2694 16.3973 20.0644 24.0803 27.7071 30.7712 33.3023 35.3307 36.8788 37.9663 38.6106 38.8239 38.6105 37.9662 36.8786 35.3303 33.3016 30.7701 27.7053 24.0773 20.0595 16.3896 13.2574 10.6324 8.4542 6.6589 5.18735 3.98585 3.00574 2.2028 1.53672 0.970383 0.469132 0 0 0 0 0 0 0 0 0 0 0 0 0 0 
-1.07879e-06 -2.33106e-06 -3.9472e-06 -6.15165e-06 -9.22036e-06 -1.34985e-05 -1.94177e-05 -2.75125e-05 -3.84339e-05 -5.29582e-05 -7.19896e-05 -9.65521e-05 -0.000127769 -0.000166827 -0.000214917 -0.000273156 -0.000342479 -0.000423496 -0.000516305 -0.000620244 -0.000733554 -0.000852893 -0.000972636 -0.00108381 -0.00117248 -0.00121728 -0.00118564 -0.00102818 -0.000670295 1.02245e-10 0.00114958 0.00302484 0.00598577 0.0105523 0.0174661 0.027772 0.0429223 0.0649094 0.0964306 0.141089 0.203637 0.290255 0.408887 0.569608 0.785041 1.07081 1.44602 1.9338 2.56179 3.36273 4.37509 5.64363 7.2203 9.16533 11.5493 14.4582 18.011 22.2755 26.2905 29.8211 32.8336 35.3307 37.3328 38.8622 39.9384 40.5771 40.7887 40.577 39.9382 38.862 37.3324 35.3299 32.8324 29.8191 26.2873 22.2704 18.0028 14.4455 11.5297 9.13555 7.17549 5.57699 4.2771 3.2203 2.35704 1.6427 1.03656 0.500912 0 0 0 0 0 0 0 0 0 0 0 0 0 0 
-1.74782e-06 -3.77604e-06 -6.39232e-06 -9.95928e-06 -1.49227e-05 -2.18399e-05 -3.14083e-05 -4.44911e-05 -6.21398e-05 -8.56094e-05 -0.000116362 -0.000156055 -0.000206512 -0.00026966 -0.000347451 -0.000441733 -0.000554098 -0.000685671 -0.000836865 -0.00100705 -0.00119416 -0.00139411 -0.00160007 -0.00180129 -0.00198146 -0.00211616 -0.00216899 -0.00208576 -0.00178586 -0.00114958 1.45444e-10 0.00192276 0.00499714 0.00976865 0.0170148 0.0278304 0.0437378 0.0668265 0.0999271 0.146825 0.212515 0.303509 0.42818 0.597173 0.823849 1.12479 1.52032 2.03515 2.69891 3.54693 4.62089 5.96973 7.65069 9.73083 12.2896 15.4236 19.2563 23.8114 27.89 31.4142 34.4039 36.8788 38.8622 40.3771 41.4435 42.0768 42.2868 42.0767 41.4434 40.3769 38.8618 36.878 34.4026 31.4121 27.8866 23.8061 19.2479 15.4104 12.2692 9.69975 7.6039 5.90009 4.51845 3.39793 2.48461 1.73027 1.09122 0.527145 0 0 0 0 0 0 0 0 0 0 0 0 0 0 
-2.79259e-06 -6.03221e-06 -1.02094e-05 -1.5902e-05 -2.38205e-05 -3.48533e-05 -5.01114e-05 -7.09711e-05 -9.9109e-05 -0.000136526 -0.000185557 -0.00024885 -0.00032932 -0.00043006 -0.000554212 -0.000704776 -0.000884379 -0.00109498 -0.00133749 -0.00161139 -0.00191418 -0.00224072 -0.00258242 -0.00292603 -0.00325195 -0.00353163 -0.00372374 -0.00376828 -0.00357786 -0.00302484 -0.00192276 2.5679e-10 0.00313691 0.00805332 0.0155537 0.0267697 0.0432751 0.0672301 0.101563 0.150193 0.218296 0.312624 0.441875 0.617115 0.852258 1.1646 1.5754 2.11053 2.80114 3.68446 4.80459 6.21345 7.9719 10.1511 12.8342 16.1186 20.1172 24.8167 28.9689 32.5143 35.5016 37.9663 39.9384 41.4435 42.5028 43.1319 43.3404 43.1318 42.5027 41.4433 39.9379 37.9655 35.5003 32.5122 28.9655 24.8112 20.1085 16.1051 12.8132 10.1191 7.92374 6.14173 4.69901 3.5308 2.57999 1.79571 1.13204 0.546735 0 0 0 0 0 0 0 0 0 0 0 0 0 0 
-4.4005e-06 -9.50411e-06 -1.60822e-05 -2.50438e-05 -3.75059e-05 -5.48656e-05 -7.88706e-05 -0.000111686 -0.00015595 -0.000214814 -0.000291956 -0.000391551 -0.000518204 -0.000676808 -0.000872348 -0.00110961 -0.00139285 -0.00172531 -0.00210873 -0.00254279 -0.00302437 -0.00354681 -0.00409894 -0.00466387 -0.00521723 -0.00572467 -0.00613813 -0.00639004 -0.00638475 -0.00598577 -0.00499714 -0.00313691 6.53932e-10 0.00499265 0.0126625 0.0241638 0.0411 0.0656731 0.100869 0.150684 0.220403 0.316925 0.44914 0.628375 0.868882 1.1884 1.60876 2.15655 2.86388 3.76914 4.91788 6.36379 8.16973 10.4088 13.1651 16.5341 20.6201 25.3938 29.5923 33.1579 36.1492 38.6106 40.5771 42.0768 43.1319 43.7583 43.966 43.7583 43.1317 42.0765 40.5766 38.6098 36.1479 33.1558 29.5889 25.3883 20.6114 16.5204 13.1439 10.3764 8.12092 6.29103 4.81067 3.61298 2.63897 1.83617 1.15728 0.558843 0 0 0 0 0 0 0 0 0 0 0 0 0 0 
-6.83939e-06 -1.47698e-05 -2.49883e-05 -3.89053e-05 -5.82543e-05 -8.52036e-05 -0.000122466 -0.000173404 -0.000242117 -0.000333504 -0.000453284 -0.000607962 -0.000804713 -0.00105118 -0.00135518 -0.00172423 -0.00216507 -0.00268296 -0.00328096 -0.00395906 -0.0047133 -0.00553477 -0.00640851 -0.00731221 -0.00821454 -0.00907273 -0.0098291 -0.0104056 -0.0106958 -0.0105523 -0.00976864 -0.00805332 -0.00499265 1.53987e-09 0.00775288 0.0194267 0.0366323 0.0615808 0.097271 0.14772 0.21824 0.315771 0.449262 0.63012 0.872706 1.1949 1.61873 2.17102 2.8842 3.79704 4.9556 6.41414 8.23614 10.4952 13.2757 16.6719 20.7854 25.5823 29.7963 33.3695 36.363 38.8238 40.7887 42.2868 43.3404 43.9661 44.1735 43.966 43.3403 42.2865 40.7883 38.8231 36.3618 33.3675 29.7929 25.5769 20.7767 16.6583 13.2546 10.463 8.18749 6.3415 4.84844 3.64078 2.65893 1.84986 1.16581 0.562938 0 0 0 0 0 0 0 0 0 0 0 0 0 0 
-1.04855e-05 -2.26414e-05 -3.83006e-05 -5.96228e-05 -8.92629e-05 -0.000130542 -0.000187619 -0.000265646 -0.000370912 -0.000510937 -0.000694508 -0.000931626 -0.00123334 -0.00161145 -0.00207801 -0.00264472 -0.0033221 -0.00411849 -0.00503896 -0.00608411 -0.00724877 -0.00852073 -0.00987943 -0.0112946 -0.0127245 -0.0141141 -0.0153915 -0.0164639 -0.0172094 -0.0174661 -0.0170148 -0.0155536 -0.0126625 -0.00775288 2.43359e-09 0.011747 0.0290824 0.0541928 0.090044 0.14061 0.21115 0.308535 0.441633 0.621744 0.863102 1.18343 1.60453 2.15301 2.86095 3.76674 4.91595 6.36226 8.16852 10.4078 13.1644 16.5335 20.6197 25.3935 29.5921 33.1577 36.1491 38.6105 40.577 42.0768 43.1318 43.7583 43.966 43.7583 43.1317 42.0765 40.5766 38.6098 36.1479 33.1558 29.5889 25.3883 20.6114 16.5204 13.1439 10.3764 8.12092 6.29103 4.81067 3.61298 2.63897 1.83617 1.15728 0.558843 0 0 0 0 0 0 0 0 0 0 0 0 0 0 
-1.58578e-05 -3.42394e-05 -5.79139e-05 -9.01451e-05 -0.000134946 -0.000197339 -0.000283613 -0.000401569 -0.000560732 -0.0007725 -0.00105021 -0.00140904 -0.00186582 -0.00243851 -0.00314553 -0.00400482 -0.00503257 -0.00624181 -0.00764072 -0.00923088 -0.0110055 -0.0129475 -0.0150281 -0.0172054 -0.0194223 -0.0216055 -0.0236625 -0.0254783 -0.026909 -0.027772 -0.0278304 -0.0267697 -0.0241638 -0.0194267 -0.011747 3.4042e-09 0.0173674 0.042483 0.0782321 0.128483 0.198357 0.294551 0.425705 0.602835 0.839812 1.15389 1.56631 2.10291 2.79484 3.67932 4.80044 6.21015 7.96931 10.1491 12.8327 16.1175 20.1163 24.8161 28.9684 32.514 35.5014 37.9661 39.9382 41.4435 42.5028 43.1318 43.3404 43.1318 42.5027 41.4433 39.9379 37.9655 35.5003 32.5122 28.9655 24.8112 20.1085 16.1051 12.8132 10.1191 7.92374 6.14173 4.69901 3.5308 2.57999 1.79571 1.13204 0.546735 0 0 0 0 0 0 0 0 0 0 0 0 0 0 
-2.36599e-05 -5.10825e-05 -8.6397e-05 -0.000134471 -0.000201292 -0.000294356 -0.000423056 -0.000599052 -0.000836588 -0.00115273 -0.00156746 -0.00210358 -0.00278635 -0.00364284 -0.00470085 -0.00598755 -0.00752761 -0.00934103 -0.0114408 -0.01383 -0.0164996 -0.0194259 -0.0225681 -0.0258668 -0.029243 -0.0325961 -0.0358033 -0.0387172 -0.0411612 -0.0429223 -0.0437378 -0.0432751 -0.0411 -0.0366323 -0.0290824 -0.0173674 5.21946e-09 0.0250538 0.0605517 0.110193 0.178881 0.273029 0.400919 0.573107 0.802881 1.10675 1.50502 2.02233 2.68831 3.53827 4.61391 5.96418 7.64634 9.72745 12.287 15.4216 19.2549 23.8104 27.8892 31.4136 34.4035 36.8785 38.862 40.377 41.4434 42.0767 42.2867 42.0767 41.4434 40.3769 38.8618 36.878 34.4026 31.4121 27.8866 23.8061 19.2479 15.4104 12.2692 9.69975 7.6039 5.90009 4.51845 3.39793 2.48461 1.73027 1.09122 0.527145 0 0 0 0 0 0 0 0 0 0 0 0 0 0 
-3.48278e-05 -7.5192e-05 -0.000127169 -0.000197924 -0.000296276 -0.000433271 -0.00062276 -0.00088195 -0.00123188 -0.00169779 -0.00230927 -0.00310012 -0.00410787 -0.00537281 -0.00693643 -0.00883941 -0.0111189 -0.0138052 -0.0169186 -0.0204648 -0.0244319 -0.0287863 -0.0334703 -0.0383997 -0.0434627 -0.0485197 -0.0534033 -0.0579181 -0.0618395 -0.0649094 -0.0668265 -0.0672301 -0.0656731 -0.0615808 -0.0541928 -0.042483 -0.0250538 8.12365e-09 0.0352614 0.0841995 0.151419 0.242953 0.366597 0.532292 0.752544 1.04288 1.42233 1.91395 2.54538 3.34935 4.36431 5.63507 7.21358 9.16012 11.5453 14.4552 18.0087 22.2739 26.2893 29.8203 32.833 35.3302 37.3326 38.862 39.9382 40.577 40.7887 40.577 39.9382 38.862 37.3324 35.3299 32.8324 29.8191 26.2873 22.2704 18.0028 14.4455 11.5297 9.13555 7.17549 5.57699 4.2771 3.2203 2.35704 1.6427 1.03656 0.500912 0 0 0 0 0 0 0 0 0 0 0 0 0 0 
-5.05834e-05 -0.000109206 -0.000184695 -0.000287461 -0.000430325 -0.000629359 -0.000904732 -0.00128152 -0.00179042 -0.0024683 -0.00335845 -0.00451039 -0.00597923 -0.00782423 -0.0101067 -0.0128867 -0.0162198 -0.0201515 -0.0247126 -0.0299134 -0.0357381 -0.04214 -0.049037 -0.0563094 -0.0637987 -0.0713086 -0.0786068 -0.0854284 -0.091478 -0.0964306 -0.099927 -0.101563 -0.100869 -0.097271 -0.0900439 -0.0782321 -0.0605517 -0.0352614 1.12091e-08 0.0484109 0.114203 0.202934 0.321803 0.479997 0.689071 0.963354 1.32037 1.78129 2.37131 3.12012 4.06227 5.23753 6.69123 8.47461 10.645 13.2649 16.394 20.0619 24.0785 27.7059 30.7703 33.3016 35.3302 36.8785 37.9661 38.6105 38.8238 38.6105 37.9661 36.8785 35.3302 33.3016 30.77 27.7053 24.0773 20.0595 16.3896 13.2574 10.6324 8.4542 6.6589 5.18735 3.98585 3.00574 2.2028 1.53672 0.970383 0.469132 0 0 0 0 0 0 0 0 0 0 0 0 0 0 
-7.24908e-05 -0.000156504 -0.000264694 -0.000411995 -0.000616809 -0.000902224 -0.00129724 -0.00183794 -0.00256859 -0.00354237 -0.00482184 -0.00647876 -0.00859307 -0.011251 -0.014542 -0.0185543 -0.0233694 -0.0290552 -0.0356586 -0.0431966 -0.0516493 -0.0609516 -0.0709878 -0.0815882 -0.092528 -0.103529 -0.114268 -0.124376 -0.133458 -0.141089 -0.146825 -0.150193 -0.150684 -0.14772 -0.14061 -0.128483 -0.110193 -0.0841995 -0.0484109 1.41976e-08 0.0648186 0.151044 0.265176 0.415531 0.61258 0.869298 1.20152 1.62828 2.17212 2.85936 3.72026 4.78911 6.10406 7.70666 9.6406 11.9484 14.6639 17.7957 21.3275 25.0848 28.203 30.7703 32.833 34.4035 35.5013 36.149 36.363 36.1491 35.5015 34.4036 32.8332 30.7706 28.2032 25.0848 21.3272 17.7947 14.6615 11.9437 9.63191 7.69164 6.07911 4.74901 3.65751 2.76339 2.02831 1.41668 0.895348 0.433079 0 0 0 0 0 0 0 0 0 0 0 0 0 0 
-0.000102511 -0.000221324 -0.000374344 -0.000582719 -0.000872529 -0.00127652 -0.00183587 -0.00260188 -0.00363754 -0.00501871 -0.00683474 -0.00918832 -0.0121942 -0.0159764 -0.020664 -0.0263851 -0.0332585 -0.0413844 -0.0508329 -0.0616327 -0.0737586 -0.0871216 -0.10156 -0.116834 -0.132626 -0.148544 -0.16413 -0.178875 -0.192232 -0.203637 -0.212515 -0.218296 -0.220403 -0.21824 -0.21115 -0.198357 -0.178881 -0.151419 -0.114203 -0.0648186 1.71846e-08 0.0846111 0.194728 0.337701 0.522814 0.761581 1.06803 1.45895 1.9541 2.57631 3.3515 4.30845 5.47834 6.89378 8.58714 10.5876 12.9174 15.5916 18.6424 22.0907 25.0848 27.7059 29.8203 31.4136 32.514 33.1577 33.3695 33.1578 32.5142 31.414 29.8208 27.7065 25.0856 22.0916 18.6434 15.5924 12.9177 10.5865 8.58346 6.88562 5.46274 4.281 3.30574 2.50305 1.84045 1.28722 0.814325 0.394121 0 0 0 0 0 0 0 0 0 0 0 0 0 0 
-0.000143052 -0.000308868 -0.000522461 -0.000813395 -0.00121816 -0.00178261 -0.0025645 -0.00363587 -0.00508529 -0.00701962 -0.009565 -0.0128667 -0.0170875 -0.0224039 -0.0290003 -0.0370606 -0.0467564 -0.058234 -0.0715979 -0.0868943 -0.104094 -0.123076 -0.143618 -0.165383 -0.187925 -0.210693 -0.233041 -0.254258 -0.273586 -0.290255 -0.303509 -0.312624 -0.316925 -0.315771 -0.308535 -0.29455 -0.273029 -0.242953 -0.202934 -0.151044 -0.0846111 1.79847e-08 0.107634 0.244596 0.418913 0.640573 0.921747 1.27696 1.7232 2.27988 2.96874 3.81341 4.83877 6.06983 7.53005 9.239 11.2099 13.4477 15.9436 18.6424 21.3275 24.0785 26.2893 27.8892 28.9684 29.5921 29.7963 29.5922 28.9688 27.8898 26.2902 24.0798 21.3291 18.6445 15.9463 13.4509 11.2134 9.24251 7.53274 6.07035 4.8349 3.80169 2.94394 2.23436 1.64604 1.15298 0.730183 0.353627 0 0 0 0 0 0 0 0 0 0 0 0 0 0 
-0.000197002 -0.000425381 -0.000719633 -0.00112056 -0.00167856 -0.00245708 -0.00353606 -0.00501546 -0.0070183 -0.00969335 -0.0132165 -0.0177911 -0.0236452 -0.0310275 -0.0401986 -0.0514196 -0.0649364 -0.0809605 -0.0996465 -0.121068 -0.145194 -0.171864 -0.200772 -0.231454 -0.263288 -0.295499 -0.327185 -0.357349 -0.384936 -0.408887 -0.42818 -0.441875 -0.44914 -0.449262 -0.441633 -0.425705 -0.400919 -0.366597 -0.321803 -0.265176 -0.194728 -0.107634 8.82566e-09 0.133366 0.299181 0.505884 0.7638 1.08524 1.48454 1.97792 2.58326 3.31964 4.20652 5.26268 6.50462 7.94454 9.58783 11.4295 13.4477 15.5916 17.7957 20.0619 22.2738 23.8104 24.816 25.3935 25.5823 25.3937 24.8166 23.8113 22.2752 20.0639 17.7984 15.5953 13.4525 11.4358 9.59566 7.95395 6.51538 5.27412 4.21732 3.32744 2.58426 1.96622 1.45144 1.01828 0.645617 0.312888 0 0 0 0 0 0 0 0 0 0 0 0 0 0 
